50 50 0
50 30 1

50 50
50 30

30 50 2

50 50
30 50

50 70 3

50 50
50 70

70 50 4

50 50
70 50

70 75 5

50 50
70 75

70 25 6

50 50
70 25

30 75 7

50 50
30 75

30 25 8

50 50
30 25

45 80 9

50 70
45 80

55 80 10

50 70
55 80

45 20 11

50 30
45 20

55 20 12

50 30
55 20

75 60 13

70 50
75 60

75 40 14

70 50
75 40

25 60 15

30 50
25 60

25 40 16

30 50
25 40

75 90 17

70 75
75 90

80 80 18

70 75
80 80

80 20 19

70 25
80 20

75 12 20

70 25
75 12

25 90 21

30 75
25 90

20 80 22

30 75
20 80

20 20 23

30 25
20 20

25 12 24

30 25
25 12


25 90
45 80


20 80
25 60


25 40
20 20


25 12
45 20


55 20
75 12


80 20
75 40


75 60
80 80


75 90
55 80


50 30
30 25


50 30
70 25


30 50
30 25


30 50
30 75


50 70
30 75


50 70
70 75


70 50
70 75


70 50
70 25

